0
0
109
54
134
141
172
108
220
223
261
168
199
298
317
318
335
365
259
259
382
414
418
421
427
437
353
484
495
400
533
409
409
563
596
482
482
692
711
726
774
780
614
614
842
890
919
940
946
971
990
997
1001
1032
1034
1040
1042
789
1074
1098
1108
834
1218
1221
1223
1227
937
1248
1267
1268
1290
1295
1298
1019
1019
1324
1381
1392
1404
1406
1464
1467
1162
1162
1542
1544
1558
1216
1216
1572
1245
1245
1620
1621
1623
1307
1633
1636
1656
1342
1672
1369
1369
1701
1724
1725
1792
1803
1815
1485
1485
1539
1934
1935
1567
1567
1993
1996
1998
2002
2013
2033
2034
2071
2072
2077
2078
2110
1761
1761
2183
1779
2257
2258
1851
1869
1869
2334
1914
1914
2387
2389
2392
2413
2415
2449
1980
2463
2469
2470
2499
2501
2052
2052
2592
2105
2661
2667
2688
2725
2727
2201
2201
2764
2228
2766
2768
2787
2845
2865
2867
2911
2963
2969
2970
2370
2971
2972
2995
2998
3017
3018
3032
3039
2479
3049
3137
3147
3148
2546
2555
2555
2573
2573
3169
3172
3186
3244
3246
3281
3285
3289
2676
2676
3292
3297
3327
3329
3341
3345
2745
2745
3428
3439
3442
3491
3496
3508
3530
3591
3595
2920
3605
3622
3646
3656
3659
3716
3719
3027
3027
3048
3048
3757
3770
3772
3812
3818
3820
3822
3827
3833
3836
3838
3166
3166
3859
3865
3943
3954
3955
3975
3977
3979
3982
4011
4012
4013
3338
3338
3363
4052
4090
4091
4140
4142
4146
4184
4186
3487
3487
4216
4248
4252
4255
4311
4314
3584
4329
4349
4355
3640
3640
4365
4366
4414
3695
3695
4435
4437
4494
4517
4538
4541
3799
3808
3808
4579
4628
4642
4647
4652
4653
3919
4654
4655
4667
3952
4670
3973
3973
4690
4716
4721
4725
4754
4756
4758
4773
4778
4781
4805
4808
4088
4088
4109
4109
4851
4853
4136
4854
4912
4918
4204
4946
4948
4225
4273
5071
5074
5077
5097
5101
5107
5113
4364
4364
4384
4384
4402
4402
5153
5156
5168
4432
4432
5226
5234
4491
4491
5271
5273
4526
4526
4577
4577
5374
5393
5395
4637
4637
5417
5420
5430
5436
5437
4708
5495
4767
5524
5525
5527
5529
5530
4817
5550
5572
5622
5624
5625
5644
5646
5675
5676
5679
4957
5680
4966
5706
4984
5717
5720
5751
5754
5756
5786
5805
5056
5816
5830
5842
5861
5862
5877
5896
5897
5916
5919
5975
5222
5996
5998
6004
6009
6010
6011
6023
5291
5291
6034
6035
6036
6055
6081
6082
5345
6156
6157
5404
5404
6181
6184
6205
6206
6209
6250
6251
6254
6261
6290
6293
6312
6313
6314
6318
6321
6324
6336
6366
5608
5608
5643
6431
6446
6454
6475
6478
5715
6479
6522
6582
6587
6589
6592
6596
6606
6608
5839
5839
6640
6643
6645
6648
6663
6731
6754
6766
6769
6771
5964
6773
5993
5993
6811
6813
6816
6836
6838
6853
6856
6859
6915
6917
6931
6934
6940
6959
6961
6964
6166
6978
6999
7010
6218
7025
6245
7044
7084
7103
7104
7106
7120
7148
6384
6384
7232
7233
7235
7256
7277
7279
7282
7344
7347
7384
6549
6576
6576
7445
7450
