2.515960000000000107e+01 5.947330000000000183e+01 6.699009999999999820e+01
2.547263727940878297e+01 5.950461740493535245e+01 6.698579229625391918e+01
2.578450199567508250e+01 5.953581189648158301e+01 6.698114229260959007e+01
2.609519770260260429e+01 5.956689156011624675e+01 6.697615129398441525e+01
2.640472917116471052e+01 5.959785686447623476e+01 6.697082069205070809e+01
2.671310115286340192e+01 5.962870827628584181e+01 6.696515187280112968e+01
2.702031837980881335e+01 5.965944626036456100e+01 6.695914621657179566e+01
2.733834613421223381e+01 5.969126388159914143e+01 6.695326800830650882e+01
2.765566254628716436e+01 5.972300835798276353e+01 6.694773995513421028e+01
2.797226957155615068e+01 5.975467989059499274e+01 6.694256109445763059e+01
2.550830250471329208e+01 5.950870006315002314e+01 6.687643466531562808e+01
2.584635667059266240e+01 5.954269263100666620e+01 6.673631328475018165e+01
2.617190996158535299e+01 5.957510080090548144e+01 6.657071060720508626e+01
2.648330007177127499e+01 5.960576330707160508e+01 6.638086683705151358e+01
2.677907885636572161e+01 5.963454348659605841e+01 6.616822077218489540e+01
2.706821591053715181e+01 5.966239568795193549e+01 6.593396445412753337e+01
2.733968144695808178e+01 5.968818725222406840e+01 6.568046176219485233e+01
2.759265270116784308e+01 5.971184915755012668e+01 6.540933779219959376e+01
2.782652616453063743e+01 5.973333579318256170e+01 6.512225452391669478e+01
2.830741917443749500e+01 5.978790730167877854e+01 6.698803932275616546e+01
2.864189223391495176e+01 5.982106568719610351e+01 6.703375836925503961e+01
2.897480640852018041e+01 5.984762855076289156e+01 6.708012643421773191e+01
2.930822667054408726e+01 5.984773596394934003e+01 6.712705814620863976e+01
2.964072925893544408e+01 5.984784852209553918e+01 6.717410298056142892e+01
2.997228796671137019e+01 5.984796643512719783e+01 6.722126697329359502e+01
3.031083425663720377e+01 5.984805922315531745e+01 6.726819535382128379e+01
3.064839787279428407e+01 5.984815513222243055e+01 6.731513850618667050e+01
3.098494822868275023e+01 5.984825410685639469e+01 6.736209009349653343e+01
2.832721536795684258e+01 5.979049890741726614e+01 6.688353107123063523e+01
2.867458675935183976e+01 5.982574543518909138e+01 6.679305981306363549e+01
2.901194508823591178e+01 5.983837799594191154e+01 6.667285481560033134e+01
2.933743668417116979e+01 5.983411153789013781e+01 6.652399724752731913e+01
2.964813843729446674e+01 5.982927801652843414e+01 6.634801634337364362e+01
2.994230740990463602e+01 5.982392669725000189e+01 6.614688577236306344e+01
3.022319496877584655e+01 5.981875541283812225e+01 6.592807329093731994e+01
3.049670114685003952e+01 5.981399166677774559e+01 6.569174853053846164e+01
3.075410010222214297e+01 5.980898607636270015e+01 6.543897611969077843e+01
2.798132242698769900e+01 5.973688737594297749e+01 6.481761836848433234e+01
2.813659936752307900e+01 5.973408199785306749e+01 6.451323227952300954e+01
2.829201694337921680e+01 5.973129169874149369e+01 6.420899281899500011e+01
2.845166012857546534e+01 5.972871942072406881e+01 6.390352533816392366e+01
2.861080207014860122e+01 5.972611857916086819e+01 6.359813876904038210e+01
2.876946039389488874e+01 5.972349104665437380e+01 6.329285107525999621e+01
2.892763490397361537e+01 5.972083712240034714e+01 6.298766972705847422e+01
2.908532895711756794e+01 5.971801992222609101e+01 6.268263121746025490e+01
2.924252888121140970e+01 5.971511183963412606e+01 6.237769256998476664e+01
2.808122401272197877e+01 5.974499411444823238e+01 6.485934640513100646e+01
2.835874241407099916e+01 5.975270907429597145e+01 6.462041905368502626e+01
2.865620290318706509e+01 5.976275163952078628e+01 6.440682331327809607e+01
2.897313272403963680e+01 5.977510402183738591e+01 6.421885484991369708e+01
2.930113007756762755e+01 5.978892373084346445e+01 6.405722378828967578e+01
2.964141383179113021e+01 5.978576082276003234e+01 6.392385961595294219e+01
2.999138603520323798e+01 5.978304670552743971e+01 6.381802003328370887e+01
3.034722132814508555e+01 5.978067997191412530e+01 6.373324291717978696e+01
3.070399676987861781e+01 5.975407928137392588e+01 6.367302963482497091e+01
3.133648404475900762e+01 5.983970819750759773e+01 6.735747300573154916e+01
3.168770011661385766e+01 5.982170296958678790e+01 6.735306624895004290e+01
3.203914281667427844e+01 5.980368603075817902e+01 6.734867751208295772e+01
3.129902404894664159e+01 5.984119752269749881e+01 6.745493653675501378e+01
3.160153595512431579e+01 5.982512067265955125e+01 6.757904625070362670e+01
3.189018094288865868e+01 5.980962404615824113e+01 6.773273099996207236e+01
3.216240871237695131e+01 5.979484732851327067e+01 6.791401053195069437e+01
3.242251180623608064e+01 5.978061580876809700e+01 6.811262756018378184e+01
3.267539505478008266e+01 5.976670701735424274e+01 6.832200029516323525e+01
3.291943841355958966e+01 5.975153005253419991e+01 6.853931583712049758e+01
3.315844381938713781e+01 5.972690500076555509e+01 6.876148822254008053e+01
3.339457853015012745e+01 5.970275621624708151e+01 6.898721139950092152e+01
3.103025641069736196e+01 5.980435457069588523e+01 6.521073136975151385e+01
3.130310411120468217e+01 5.978995653583896797e+01 6.498426525013604760e+01
3.157527853795975403e+01 5.975838306960130097e+01 6.475833939707680997e+01
3.184778671761113955e+01 5.972679774499934524e+01 6.453259746665167995e+01
3.212387529408740505e+01 5.969522171027650614e+01 6.431117135222690706e+01
3.241812316911316572e+01 5.966385752615596516e+01 6.411446175345804477e+01
3.273176225659741334e+01 5.963235161933192785e+01 6.393783049949986719e+01
3.305354184085346958e+01 5.960131174906284457e+01 6.377864774094555145e+01
3.338078750185109556e+01 5.957073509534743749e+01 6.363376042387702824e+01
3.094932713151906256e+01 5.980337908076673159e+01 6.514202104343276289e+01
3.111122358237533803e+01 5.979391499895386630e+01 6.482945462719082741e+01
3.124101284144160218e+01 5.976614449241032645e+01 6.450350699835648527e+01
3.133945940261205010e+01 5.973987700407200663e+01 6.416697036910117902e+01
3.140237326778427729e+01 5.971554279895704553e+01 6.382236519260857932e+01
3.149885411797060897e+01 5.968944669555547478e+01 6.348648805133029782e+01
3.162188121984538114e+01 5.966211291405223704e+01 6.316018580348004008e+01
3.176293395720938761e+01 5.963403363468628271e+01 6.284201424644140843e+01
3.191630991520014859e+01 5.960859586957825229e+01 6.252820287095328666e+01
2.944931225354824633e+01 5.970385137422069732e+01 6.209141645664846720e+01
2.965635717848235942e+01 5.968742044250268464e+01 6.180545477290998946e+01
2.986363046363204177e+01 5.967100223381757473e+01 6.151957856440782280e+01
3.007111979312748673e+01 5.965459752083837941e+01 6.123380218089565830e+01
3.027881590613766960e+01 5.963820700280533060e+01 6.094813794917284611e+01
3.048225423844263560e+01 5.962020628427720226e+01 6.066123598353041046e+01
3.068664641033355878e+01 5.959321195326581488e+01 6.037336788856984526e+01
3.088789390760560494e+01 5.956632518134411214e+01 6.008320062439373999e+01
3.106545473812603930e+01 5.954034538827000489e+01 5.977783172947474810e+01
2.935361641721747361e+01 5.969799400416506074e+01 6.204876536240372786e+01
2.943203044380118527e+01 5.967412384015121773e+01 6.171111443001659325e+01
2.947760524940893134e+01 5.964893871718576435e+01 6.136786056555952484e+01
2.949068756885543863e+01 5.962269864302453470e+01 6.102226161664779625e+01
2.946610214000794059e+01 5.959541152987311108e+01 6.067623063461568478e+01
2.941908029785497192e+01 5.956767260657559149e+01 6.033217569914074829e+01
2.934849648017275925e+01 5.953958358779158999e+01 5.999181242422317695e+01
2.925429492135232934e+01 5.951127625395962895e+01 5.965687296931211847e+01
2.914419602493032357e+01 5.947730920481381389e+01 5.933078696147440922e+01
3.369276371701678841e+01 5.967021667686612574e+01 6.920178358968063037e+01
3.398933043284216637e+01 5.963303813143544829e+01 6.941580365868186675e+01
3.428243954160118534e+01 5.957662156105772766e+01 6.962994155591472634e+01
3.457440218840491042e+01 5.952041916635079133e+01 6.984403651828164072e+01
3.360071079936675176e+01 5.968385913084498640e+01 6.925948937768588110e+01
3.377882602463831319e+01 5.966916164756191421e+01 6.955096423541137085e+01
3.392376155988694109e+01 5.964165304288857783e+01 6.985825677918521137e+01
3.368695169760631813e+01 5.953951208148536978e+01 6.345330698867774544e+01
3.399007430872857327e+01 5.950382859031942218e+01 6.327199913141028986e+01
3.429252698314883219e+01 5.946231565667090990e+01 6.309129446393775709e+01
3.458955456619248281e+01 5.939601429934793941e+01 6.291222653026678557e+01
3.488413627886367863e+01 5.932144605734319498e+01 6.273294850721963201e+01
3.517746066346973777e+01 5.924757528694882325e+01 6.255316370905418211e+01
3.546938222831581555e+01 5.917399436022802206e+01 6.237293574770359328e+01
3.575983075519303611e+01 5.910072010398656772e+01 6.219229006156376727e+01
3.604874845004375317e+01 5.902776607111989904e+01 6.201124149569639599e+01
3.370453765302904969e+01 5.954437057063875471e+01 6.355710666862883329e+01
3.402951115585033648e+01 5.950225014823794822e+01 6.351271827697836869e+01
3.435727721297575954e+01 5.945994188071925635e+01 6.350153736925612691e+01
3.468043854713238261e+01 5.940867951894293242e+01 6.352447926719167981e+01
3.499764589907626799e+01 5.934049935913989060e+01 6.356985504201710313e+01
3.530962897220862118e+01 5.927475426480945941e+01 6.363890351998280437e+01
3.561439620670255835e+01 5.921191903835460124e+01 6.373220964766900920e+01
3.591229591533276988e+01 5.915157102824390023e+01 6.384335079419769698e+01
3.621340526931443549e+01 5.909156752775131594e+01 6.397420150623514701e+01
3.211030332574970458e+01 5.958156125728365993e+01 6.222407569762346213e+01
3.230389129535809190e+01 5.955456838241820350e+01 6.192026137373984795e+01
3.249698326017215777e+01 5.952762318188010227e+01 6.161675575663285542e+01
3.268949580563962343e+01 5.950073091254843405e+01 6.131355041026687758e+01
3.288135294485292803e+01 5.947389620163544777e+01 6.101063411765544942e+01
3.306336850245290293e+01 5.942894048708947707e+01 6.071423009990484587e+01
3.324374549695521353e+01 5.936960233178612611e+01 6.041937533146970196e+01
3.345140376413120720e+01 5.930810838749189884e+01 6.014423137662658547e+01
3.366312388070362971e+01 5.924799488337176712e+01 5.988806755359876632e+01
3.199172694655356253e+01 5.958811386084130390e+01 6.219196629650261343e+01
3.205205234253614321e+01 5.956829748770349653e+01 6.184796292372102045e+01
3.207832026086948929e+01 5.955062907944614636e+01 6.150055069555482845e+01
3.207137529451770064e+01 5.953519970471612766e+01 6.115296956310129417e+01
3.203274877486353489e+01 5.952189179543724862e+01 6.080491395072343153e+01
3.197115113527456742e+01 5.951029969021209354e+01 6.046039710277197798e+01
3.188577277991697656e+01 5.950056365422251758e+01 6.012128814582885639e+01
3.182970775462930746e+01 5.948860420534539628e+01 5.977692263184652433e+01
3.180845166311347683e+01 5.947414307963280322e+01 5.942934458317338908e+01
2.906164606245177495e+01 5.943539432373970754e+01 5.898023428767369580e+01
2.899735955877918769e+01 5.939446571336970493e+01 5.863122579152179981e+01
2.893510371695590777e+01 5.935365155445494167e+01 5.828243293182870843e+01
2.887512522033218687e+01 5.931295746397125157e+01 5.793380589623788524e+01
2.881916898362481305e+01 5.928374005435374272e+01 5.757381281558171793e+01
2.872815666109185884e+01 5.925585033085020115e+01 5.721410207142480431e+01
2.863870629788494426e+01 5.922805187682440220e+01 5.685449459850066489e+01
2.856218701958921358e+01 5.920112447849651716e+01 5.649755128416270367e+01
2.848593068187884469e+01 5.917421176222659795e+01 5.614061466353499696e+01
2.896441665894130324e+01 5.943612558516516486e+01 5.902688217253235337e+01
2.875491463986200813e+01 5.939569017517762006e+01 5.874204994370563782e+01
2.851842293092354197e+01 5.935635949657331167e+01 5.847843779860117763e+01
2.825047391616659098e+01 5.931816708123717774e+01 5.823818853846713495e+01
2.796962421490898976e+01 5.928105524141969340e+01 5.801315023739164189e+01
2.767555472006983663e+01 5.924530471695917555e+01 5.780602905760415666e+01
2.736905792474802013e+01 5.921115132927991453e+01 5.761866251949889062e+01
2.705207174323430763e+01 5.917998657782531069e+01 5.744918693422084743e+01
2.672697492186073376e+01 5.915277501144524308e+01 5.729896063843318643e+01
3.630636870050253862e+01 5.895960784723167336e+01 6.178599254634224280e+01
3.657266772524619824e+01 5.888953348352654160e+01 6.156095964080162730e+01
3.683898080995314217e+01 5.881943881872940239e+01 6.133557389475269161e+01
3.710534292717824201e+01 5.874932146465816629e+01 6.110994571282895294e+01
3.737176058550271307e+01 5.867918308614172673e+01 6.088413896252220070e+01
3.763223010492885834e+01 5.859280147008401229e+01 6.065965009341913827e+01
3.788921265515357106e+01 5.849843437924428002e+01 6.043557930607971684e+01
3.814455925656397284e+01 5.840456267319548544e+01 6.021146298405584218e+01
3.839823814268162749e+01 5.831119829903095564e+01 5.998733276627316968e+01
3.637628034946620659e+01 5.894855191184321797e+01 6.187767897287853458e+01
3.671387920788223624e+01 5.886863558320983714e+01 6.177559437192779512e+01
3.705852736439457118e+01 5.878871910390871136e+01 6.170564712952049291e+01
3.740717946764345925e+01 5.870947821067225902e+01 6.166783065020393906e+01
3.775309497419709004e+01 5.862775453461767228e+01 6.166270525828201698e+01
3.809314491449800499e+01 5.852538527503856614e+01 6.168057975160031248e+01
3.843216616648003736e+01 5.842501706464491207e+01 6.172203108783322278e+01
3.876852500937853563e+01 5.832717887194608863e+01 6.178749243402258173e+01
3.910076448316176823e+01 5.823225555446715163e+01 6.187613626260080935e+01
3.651476715651820371e+01 5.903572826118466566e+01 6.418359688509208638e+01
3.681566138855895076e+01 5.897999659203290435e+01 6.439305713262010045e+01
3.711597055292968150e+01 5.892439649811785785e+01 6.460254202862235218e+01
3.740738266096587950e+01 5.884677734479877387e+01 6.481086375119254228e+01
3.769846946784598885e+01 5.876496386411711370e+01 6.501947764414268249e+01
3.799023339322340576e+01 5.868295663840925869e+01 6.522813904303558274e+01
3.828256238318186888e+01 5.860078727912633667e+01 6.543678260599391194e+01
3.857576588606330859e+01 5.851837432558632202e+01 6.564633324675723713e+01
3.886912910468121396e+01 5.843591832994206214e+01 6.585623401948539879e+01
3.653461648271379403e+01 5.902554305828846992e+01 6.407628434942378703e+01
3.686251345290854431e+01 5.895622979115469064e+01 6.414486126417028800e+01
3.719385159795387352e+01 5.888432223802489318e+01 6.417941461925248348e+01
3.752302182381712470e+01 5.880866937323995103e+01 6.417878284798878497e+01
3.784717773984851164e+01 5.871556249277593764e+01 6.415617351480389630e+01
3.816934087265841669e+01 5.862283052996496480e+01 6.410852022383940607e+01
3.848744856359518707e+01 5.853105998107614738e+01 6.403520695685550379e+01
3.879556093652173843e+01 5.842704092007846839e+01 6.394440549444014010e+01
3.909518611979767400e+01 5.831728034940032046e+01 6.383371998544538428e+01
3.384927815054405187e+01 5.919025759713691315e+01 5.961678947628071512e+01
3.403125908347995221e+01 5.913311155872933966e+01 5.934496195800851837e+01
3.424973506519958732e+01 5.907039960937159861e+01 5.907420880934300556e+01
3.447091647777413925e+01 5.901512895522095192e+01 5.879337532872257555e+01
3.469226473635998786e+01 5.896571491383056696e+01 5.851211629964529237e+01
3.491265221399684293e+01 5.891644443594198322e+01 5.823090116749330036e+01
3.513214819282809742e+01 5.886731135642003210e+01 5.794979625303120940e+01
3.534246849005818802e+01 5.881952520648145111e+01 5.766871004812508517e+01
3.555291924912247481e+01 5.877172841216842869e+01 5.738776474066876432e+01
3.389538949285083191e+01 5.919309802387967778e+01 5.971125522537926855e+01
3.417851311155119731e+01 5.913335542304518810e+01 5.956338977603471818e+01
3.447512615436068728e+01 5.907444303425528176e+01 5.944315250420573449e+01
3.478219768600316542e+01 5.901692229177415783e+01 5.935138953560372244e+01
3.509466042041695033e+01 5.896064909379555274e+01 5.927930452617690804e+01
3.541145632477354610e+01 5.890607580353520234e+01 5.922961066227475158e+01
3.573190094399682692e+01 5.885461044360082639e+01 5.919879526221173194e+01
3.605286259927067505e+01 5.880679129819096573e+01 5.918645668256907300e+01
3.637265150044615325e+01 5.876035010454812380e+01 5.919413031425170146e+01
3.185905798559599589e+01 5.944771472976459137e+01 5.912369027812978572e+01
3.190715468725695558e+01 5.940792006685309445e+01 5.881899285378707276e+01
3.195341221201332971e+01 5.936840241402875762e+01 5.851420841711259868e+01
3.200048422785965840e+01 5.934199259609258803e+01 5.820466370429904401e+01
3.176119593818788900e+01 5.945757838073010504e+01 5.907307673255654379e+01
3.168550695179950694e+01 5.943214821515520185e+01 5.872216301987136688e+01
3.158365826900609008e+01 5.941343555157421719e+01 5.837570262047449887e+01
3.145799795002910315e+01 5.940705925636282814e+01 5.803774898468609678e+01
3.130932075248304258e+01 5.939463623713766083e+01 5.771107572212908110e+01
3.114523933090442753e+01 5.935919120736238597e+01 5.739356700827251245e+01
3.097220238579484430e+01 5.932426504800604761e+01 5.708127005622547756e+01
3.079322339547734799e+01 5.928973625655979873e+01 5.677291894798619865e+01
3.061016221068365084e+01 5.925552381983661832e+01 5.646767703615171285e+01
2.846502168802833310e+01 5.915079474363657397e+01 5.579143669710857267e+01
2.844412333021695360e+01 5.912738201034707686e+01 5.544231684510900493e+01
2.842273824200511356e+01 5.909427886394610852e+01 5.509481780470328260e+01
2.840102228412504815e+01 5.905641113449306800e+01 5.474798265532407981e+01
2.837869431412122623e+01 5.901857288751850206e+01 5.440144876194097634e+01
2.835548866090129039e+01 5.898569697881718810e+01 5.405360415406649111e+01
2.833192483434555697e+01 5.895608112596222838e+01 5.370552391428736883e+01
2.830817491625643356e+01 5.892646661145044362e+01 5.335746019799125861e+01
2.828422919059736174e+01 5.889685350878604453e+01 5.300941391053808616e+01
2.835984054717390279e+01 5.914600893815244120e+01 5.580579675138945106e+01
2.820254889947440091e+01 5.911698383707655324e+01 5.548460000205588472e+01
2.801604809544713603e+01 5.908740639735336941e+01 5.517956176745221342e+01
2.780260568230239926e+01 5.905753671449305386e+01 5.489283138594041844e+01
2.756464826017833403e+01 5.902761875605568065e+01 5.462617035628558426e+01
2.730956059482023690e+01 5.897852996518600577e+01 5.437859464361043393e+01
2.703903520542878880e+01 5.894158076098264587e+01 5.414638593663251243e+01
2.675464526343345639e+01 5.890301389529958698e+01 5.393197555375720498e+01
2.645763335648751280e+01 5.886299768353269712e+01 5.373627931870250052e+01
2.639632313161048671e+01 5.912998207901072334e+01 5.722269255336892257e+01
2.606878986799048903e+01 5.909218385467321610e+01 5.714777095322919109e+01
2.574652323151901712e+01 5.902265702847608253e+01 5.707433747912983080e+01
2.542548911737442552e+01 5.895333632421709780e+01 5.699983000019382473e+01
2.510576704830842942e+01 5.888423898767705111e+01 5.692426866037655486e+01
2.478742274950833746e+01 5.881537859182477490e+01 5.684765468531746535e+01
2.447050895332412068e+01 5.874676562538000013e+01 5.676997996910718314e+01
2.415506710532614321e+01 5.867840803293477592e+01 5.669123136199362989e+01
2.382459976414524405e+01 5.860701572318511410e+01 5.661374833328842726e+01
2.641215841220557436e+01 5.912401212505022841e+01 5.711569218007931426e+01
2.611846312140981397e+01 5.907497040838430991e+01 5.690704080069498616e+01
2.584548378164211613e+01 5.901643485988834215e+01 5.667390387731995816e+01
2.559358051865456218e+01 5.895830650562177055e+01 5.641784286294417683e+01
2.536397558505321470e+01 5.890098675784158644e+01 5.614128813218547975e+01
2.515199889119173449e+01 5.884244191984393524e+01 5.582997810220089008e+01
2.496464978160505765e+01 5.878581561568302760e+01 5.550623886836554277e+01
2.479656031672692507e+01 5.873094232366299394e+01 5.517529390258008704e+01
2.464863475584440877e+01 5.867802993494468922e+01 5.483805469956348588e+01
3.861148006800984689e+01 5.824130359065443230e+01 5.972669063453491134e+01
3.882617707067019097e+01 5.817979044984224402e+01 5.946516274991680007e+01
3.904049340674276181e+01 5.811838552487217413e+01 5.920326420144938595e+01
3.928013923884670788e+01 5.804974792142726159e+01 5.893458614880928081e+01
3.971158375348581160e+01 5.792636406254219850e+01 5.863485869928597083e+01
4.007242502292750430e+01 5.782313741097005533e+01 5.835097781904058678e+01
4.037388725873868367e+01 5.773686425039397108e+01 5.808120321009479170e+01
4.062507311867757664e+01 5.766494596924343341e+01 5.782368310344207885e+01
4.081391510331585692e+01 5.773846811194439965e+01 5.758023489437675835e+01
3.866773134268176904e+01 5.822534057252370587e+01 5.980905009755326063e+01
3.895358677709023709e+01 5.814364138980033658e+01 5.965891478539814585e+01
3.928781562184398979e+01 5.804816210052318581e+01 5.952786874245870763e+01
3.961987913824690111e+01 5.795333685990193828e+01 5.943251884757485470e+01
3.994772206046393137e+01 5.785975178795351326e+01 5.937268027997354380e+01
4.026968338351657906e+01 5.776788308339406797e+01 5.935067282028408187e+01
4.058350471355282707e+01 5.767836805445792692e+01 5.935967354126607631e+01
4.092144845692291000e+01 5.770255160939920103e+01 5.940121570985426303e+01
4.119639819951366633e+01 5.780333667491898098e+01 5.946505285028815990e+01
3.938024175075549493e+01 5.815631904958275555e+01 6.201667921989459131e+01
3.965478713574356107e+01 5.806518350555575125e+01 6.215793529598108336e+01
4.002652211823878758e+01 5.793867555539326020e+01 6.224546209406955199e+01
4.030791846443305104e+01 5.784503835001896022e+01 6.238265605811275805e+01
4.058968300088461234e+01 5.775124234055997618e+01 6.251881932673049391e+01
4.087158044050472228e+01 5.765738030883760246e+01 6.265432039235030004e+01
4.115344603336680507e+01 5.756351690218743755e+01 6.278940662868201628e+01
4.143515829420142182e+01 5.746969964564350164e+01 6.292425559797624857e+01
4.173555140474463343e+01 5.741571977614378852e+01 6.303949816221773972e+01
3.943489284510646797e+01 5.813431630804237216e+01 6.193068711041351548e+01
3.986241273047586731e+01 5.798528058307553579e+01 6.189850276673843155e+01
4.026794151209407602e+01 5.784303195865977187e+01 6.185257063482286810e+01
4.065030507217042555e+01 5.770837307770911195e+01 6.179138558186916441e+01
4.100847153670727607e+01 5.758168610344251448e+01 6.171573851765111840e+01
4.134714186569439676e+01 5.750606203770254155e+01 6.162728465803395039e+01
4.168029673283639625e+01 5.745380626010051373e+01 6.151784863824328653e+01
4.200389390162050773e+01 5.740352724486964320e+01 6.138655374086365413e+01
4.231651085775899190e+01 5.735543232270134695e+01 6.123469380536760553e+01
3.909576422550977526e+01 5.837267397675610425e+01 6.607658113182191073e+01
3.932247747379497582e+01 5.830940899465863936e+01 6.629715382007593405e+01
3.954921979280364042e+01 5.824613727846390532e+01 6.651793054988678477e+01
3.977741849992347767e+01 5.818804062328113247e+01 6.673944406689206232e+01
4.000474345654279063e+01 5.812902993887712455e+01 6.696066018896485161e+01
4.022818275149964506e+01 5.805768121454308073e+01 6.718229205858337139e+01
4.045180492428630714e+01 5.798627239209940853e+01 6.740397120117380325e+01
4.067279800600470452e+01 5.790914350277703448e+01 6.762605600302413222e+01
4.089347628372253496e+01 5.783183890197074817e+01 6.784825869068593818e+01
3.916613175411897174e+01 5.835195287682606846e+01 6.600669318685855558e+01
3.947460467455744038e+01 5.826447747965605117e+01 6.612888834073486066e+01
3.979185988465143708e+01 5.817425860292999573e+01 6.622229268386206513e+01
4.011304930403682789e+01 5.807532229521580547e+01 6.628701215323218321e+01
4.043383509784364804e+01 5.796174464978398788e+01 6.632317038495409633e+01
4.075384529001779299e+01 5.784074719927200192e+01 6.633116789339769070e+01
4.107341327095938510e+01 5.771927851136829446e+01 6.631888725675642604e+01
4.139125213290958527e+01 5.759779894471449069e+01 6.628546372523325658e+01
4.170603851820608554e+01 5.747680356603988372e+01 6.623069593453969617e+01
3.938126887918316754e+01 5.820902247119001061e+01 6.365329653506186247e+01
3.966693380893508447e+01 5.810088891673477463e+01 6.347240633857801839e+01
3.996262405133122542e+01 5.799205198225349989e+01 6.328537971900787085e+01
3.941427871345596401e+01 5.820211722586844871e+01 6.375320777453323728e+01
3.973894610189394427e+01 5.808659350912019903e+01 6.370697936197292677e+01
4.007668783162384329e+01 5.796771597154836542e+01 6.368694884690051339e+01
4.041368727207036216e+01 5.785069489764802597e+01 6.370143812599700794e+01
4.074877726594542082e+01 5.773532496473506370e+01 6.373720032421508819e+01
4.108201095822523286e+01 5.762121282200685357e+01 6.378613536210100676e+01
4.140820461187866641e+01 5.751117673601354596e+01 6.387002693569244371e+01
4.172217770905038492e+01 5.740006190680129095e+01 6.398867229492901743e+01
4.202226688472007510e+01 5.729106049287423730e+01 6.413787409293432518e+01
3.579373228605142998e+01 5.872215626972092650e+01 5.715125831326584205e+01
3.603448391669665085e+01 5.867259416633090297e+01 5.691476902092028922e+01
3.627516926687162169e+01 5.862304287101463984e+01 5.667829776168062494e+01
3.651578409058854646e+01 5.857350304543194852e+01 5.644184518105404180e+01
3.675178893502574340e+01 5.850269425615586272e+01 5.620696272128613202e+01
3.698681658711532094e+01 5.843191112064775439e+01 5.597213758499953684e+01
3.722224988436667559e+01 5.836217138541833549e+01 5.573329445888289513e+01
3.746176203024512574e+01 5.831535180384657480e+01 5.549353961628282406e+01
3.770154733241413680e+01 5.826847345868980454e+01 5.525434920852541154e+01
3.571641709585770741e+01 5.872940065738739435e+01 5.708329536185743791e+01
3.585032377313251573e+01 5.869053872534216509e+01 5.676431678033586792e+01
3.595400949781873834e+01 5.865541971598081261e+01 5.643389451517766275e+01
3.602731141247183189e+01 5.862425077178507138e+01 5.609506963778013500e+01
3.607046024039544818e+01 5.859717429838502767e+01 5.575076688849047457e+01
3.609232968024333843e+01 5.856782803437337037e+01 5.540480791501787650e+01
3.609149705997725732e+01 5.853699581016483222e+01 5.505843023926358626e+01
3.606811125779055516e+01 5.850911947383015388e+01 5.471279870477454210e+01
3.602216737082900266e+01 5.848452159583122523e+01 5.436945337351767904e+01
3.670595232849277068e+01 5.870989903296924695e+01 5.916814872079676491e+01
3.703726542880892936e+01 5.865926416077153505e+01 5.914225524005597379e+01
3.736354106738971836e+01 5.858371662033408711e+01 5.911789191699347157e+01
3.768858885927172508e+01 5.850393271180579546e+01 5.909299335355383676e+01
3.800704790836096691e+01 5.841303744389094987e+01 5.904578117944062399e+01
3.831889700348014571e+01 5.832399772720795283e+01 5.896902581464843252e+01
3.670591460715956345e+01 5.871604364422660893e+01 5.927002460484356305e+01
3.702908431305161940e+01 5.867512337650445176e+01 5.937754478877489106e+01
3.733284335207063265e+01 5.860584751155106886e+01 5.951617322893608986e+01
3.761825193000425571e+01 5.852731269969736871e+01 5.968514975279760648e+01
3.051044083683769870e+01 5.921841626122341751e+01 5.613169856489061971e+01
3.041173254659409864e+01 5.918131919358043547e+01 5.579576618635986307e+01
3.031501613013587715e+01 5.914405027702968454e+01 5.545815604471874138e+01
3.021945155930853488e+01 5.910676326081804888e+01 5.512032242800042781e+01
3.012506742399765969e+01 5.906946133504466445e+01 5.478229322620212116e+01
3.006509548652291741e+01 5.903145202110128054e+01 5.443605645493013157e+01
3.004059584937782290e+01 5.899309513660788440e+01 5.408486534322361905e+01
3.005122196929054113e+01 5.895864738619903989e+01 5.372840297390179387e+01
3.009709168374884314e+01 5.892849197656101978e+01 5.337368495137424418e+01
3.041884025615671661e+01 5.922349585412549544e+01 5.618291525318296209e+01
3.020092829886670316e+01 5.919360760427627355e+01 5.591913235245331038e+01
2.995156043651233446e+01 5.916593663839824302e+01 5.567728256329300507e+01
2.968032569170949841e+01 5.914077420884153469e+01 5.545956575117346432e+01
2.939501171837768467e+01 5.911751012526979565e+01 5.525998912248353889e+01
2.820820901905639744e+01 5.886675003347468760e+01 5.265582337441428251e+01
2.813243531771735562e+01 5.883140193027576004e+01 5.230276105233086525e+01
2.805679490481904281e+01 5.879596765246613899e+01 5.194972482543600023e+01
2.798129117038343239e+01 5.876053898722887681e+01 5.159670757118023943e+01
2.790592776920326301e+01 5.872511608622446744e+01 5.124370981363313149e+01
2.783082245994441806e+01 5.868971095564717899e+01 5.088983315139010699e+01
2.775546767202521181e+01 5.866605093602338883e+01 5.053513820082400088e+01
2.767988044821701976e+01 5.864239609716398149e+01 5.018065561551284048e+01
2.760406454908604346e+01 5.861874652408309316e+01 4.982638478160551188e+01
2.831657838827970153e+01 5.886612785123205072e+01 5.264804908012509799e+01
2.838384748632372379e+01 5.883582409860368756e+01 5.229149630442850594e+01
2.848473083731748190e+01 5.880620948934739545e+01 5.194290292191493563e+01
2.861756577682744052e+01 5.877752525604882550e+01 5.160511204598199697e+01
2.878040377772375535e+01 5.874998306280396321e+01 5.128062037898786940e+01
2.896299877327648176e+01 5.871774109947954656e+01 5.096745129304686373e+01
2.916563493647986505e+01 5.868263084148617992e+01 5.066718904081244546e+01
2.938798721041479567e+01 5.864988550344748575e+01 5.038121153827867005e+01
2.962534616091231854e+01 5.861767263773297287e+01 5.010778014944231273e+01
2.618916799582998323e+01 5.882643858725074892e+01 5.351754007841822869e+01
2.592121380887450144e+01 5.878994003511816402e+01 5.329824173341490479e+01
2.564907778826687235e+01 5.875292695777098828e+01 5.308144887572209569e+01
2.537728208598605306e+01 5.871595635467679131e+01 5.286451691022938348e+01
2.510578246853010143e+01 5.867902305457755574e+01 5.264750151598149586e+01
2.472095875948967603e+01 5.862694646433123324e+01 5.236924645227124131e+01
2.437248569972564027e+01 5.857972837464780014e+01 5.211074590674639495e+01
2.407939851650629848e+01 5.855354464404290837e+01 5.187109737501072715e+01
2.381221475767890894e+01 5.855510577865049271e+01 5.162794312276303543e+01
2.612122894012091834e+01 5.881847278313895799e+01 5.360056503122255833e+01
2.576929576749997963e+01 5.877227628581194097e+01 5.349987562578362343e+01
2.541010659137765870e+01 5.872544415203689994e+01 5.343120181201380348e+01
2.504661258237604216e+01 5.867835460122012847e+01 5.339440163645806336e+01
2.468161994620325572e+01 5.863136366098520114e+01 5.338895132089599116e+01
2.431773590216846159e+01 5.858479879797590684e+01 5.341400748972311163e+01
2.395621506630217823e+01 5.856166944547034348e+01 5.346077409512253098e+01
2.360022895739949078e+01 5.856547163991307769e+01 5.353258781852473192e+01
2.325258573178859223e+01 5.856927678557069328e+01 5.362387501607484097e+01
2.351085585024453906e+01 5.853693232231493226e+01 5.648797569531112117e+01
2.316459048371362783e+01 5.845926889395818904e+01 5.634201714600351352e+01
2.283117365625678730e+01 5.838457265187428646e+01 5.620340992006696013e+01
2.251596500177604554e+01 5.833504613382793025e+01 5.608000325245716056e+01
2.219861317517069210e+01 5.833476705532819295e+01 5.595945833473108166e+01
2.188072272781655769e+01 5.833445560232365068e+01 5.583902332302185556e+01
2.156237133603852030e+01 5.833411157463601171e+01 5.571873036930932699e+01
2.124362452531184786e+01 5.833373495977901513e+01 5.559860505438501121e+01
2.092453714592610226e+01 5.833332585515420732e+01 5.547866772821509329e+01
2.344117136638404375e+01 5.852576291194047542e+01 5.655967369821823354e+01
2.306844657956861866e+01 5.844810777857834694e+01 5.653723632019753609e+01
2.270744649315192021e+01 5.837445021330911032e+01 5.655073882932573071e+01
2.235970313012303379e+01 5.830509198472492471e+01 5.659987868863812821e+01
2.202892612451078946e+01 5.825429602286992292e+01 5.668686762507454091e+01
2.170598590640092596e+01 5.822982686047144085e+01 5.680263300117720604e+01
2.140890590532321980e+01 5.821937574246143754e+01 5.693234912537235459e+01
2.120651249280430406e+01 5.835057790240842479e+01 5.706623911716030051e+01
2.097584175703234877e+01 5.832441125863458353e+01 5.737330905842966899e+01
2.447800550689033017e+01 5.862507764048197600e+01 5.452947806510437090e+01
2.430602895494411797e+01 5.859080766921584882e+01 5.422259729655115024e+01
2.457603661091066272e+01 5.863393568148593005e+01 5.449215672385320630e+01
2.453467240823859541e+01 5.861946431872124208e+01 5.414207688484852099e+01
4.096233265026068437e+01 5.780602568585673140e+01 5.730109467828297198e+01
4.110388981191287883e+01 5.787122525019838548e+01 5.701662529836252702e+01
4.119974938055429448e+01 5.796909790996661371e+01 5.680608237234394409e+01
4.126135319987160699e+01 5.807943899934900855e+01 5.661997160470826884e+01
4.129746653508824039e+01 5.816938315164850337e+01 5.645160426014307120e+01
4.125574539800479101e+01 5.821304108115127462e+01 5.616150871069952899e+01
4.122053843956517483e+01 5.821758400975302550e+01 5.586463726054368806e+01
4.118539796438931688e+01 5.822259323461891967e+01 5.556344403417723044e+01
4.114951411991670227e+01 5.822752699525786824e+01 5.525774465810062708e+01
4.102915552282867395e+01 5.782869467957000609e+01 5.736013014808396804e+01
4.125317502257762925e+01 5.792124116979198334e+01 5.716347559451222793e+01
4.142831539808389607e+01 5.788924356728625753e+01 5.949754329044292689e+01
4.161235527019234581e+01 5.795739380104301119e+01 5.952384879860833422e+01
4.175789680815771732e+01 5.801126391788601921e+01 5.954522681350339752e+01
4.187250277767834206e+01 5.805365692941632005e+01 5.956269850726851445e+01
4.196227445834537662e+01 5.808683378952516563e+01 5.957709683267887613e+01
4.203213517046744130e+01 5.811261849895311116e+01 5.958910432700092485e+01
4.208605749433326793e+01 5.813248233176215507e+01 5.959928351879516129e+01
4.212724579825160731e+01 5.814761148710313421e+01 5.960810155428892898e+01
4.215828316584355662e+01 5.815896153587684836e+01 5.961595026201833036e+01
4.140675988657393702e+01 5.787750807465756964e+01 5.958394753756057582e+01
4.155966866928191195e+01 5.792903121535881894e+01 5.972737233246618160e+01
4.166431845382430055e+01 5.796139453955591136e+01 5.989464050295730857e+01
4.186394292662400574e+01 5.787135100869537041e+01 6.028935169593921017e+01
4.206588986374789840e+01 5.767570519179659527e+01 6.061081506934714724e+01
4.205629008420599746e+01 5.736239510879619274e+01 6.309201536803756483e+01
4.237248495944368898e+01 5.730980063583645290e+01 6.314510958727740331e+01
4.268951803693423130e+01 5.725491141303575660e+01 6.321154852273437541e+01
4.299998854063693443e+01 5.718162112058758595e+01 6.328001161429197907e+01
4.331157154408420951e+01 5.710973043153667561e+01 6.333496490875980101e+01
4.422590047008404213e+01 5.693632317049251412e+01 6.318546430813970716e+01
4.204022142976154441e+01 5.736307415047250657e+01 6.319366804647966518e+01
4.232874795570735671e+01 5.730954444423527860e+01 6.338464257208294583e+01
4.259178466729068901e+01 5.722835213743586991e+01 6.360069544376035822e+01
4.283595336769930384e+01 5.714835526956844092e+01 6.383955286830416753e+01
4.306017830168325844e+01 5.707010956253064649e+01 6.409848038080019705e+01
4.326376187628906678e+01 5.699410017703194598e+01 6.437467209045804850e+01
4.349983618597921975e+01 5.691113460098387122e+01 6.465212301066715384e+01
4.370642933376999650e+01 5.683314431843216141e+01 6.493949153165915789e+01
4.388923731138456930e+01 5.675928715228267407e+01 6.523387602030724963e+01
4.258559436425032629e+01 5.742350635761256683e+01 6.106082011917187202e+01
4.283921197041939877e+01 5.751852831310463898e+01 6.095298821250125343e+01
4.307646987123330717e+01 5.758151647041762544e+01 6.089100329854275628e+01
4.366649647606804763e+01 5.758046792634967659e+01 6.097360355393475828e+01
4.418222859422808568e+01 5.760505220213570965e+01 6.100751767434665140e+01
4.463810411614736751e+01 5.764925477550912092e+01 6.100375819842106040e+01
4.503122369940713554e+01 5.772327247212586343e+01 6.094661807365925199e+01
4.264135314243767994e+01 5.738197818793641147e+01 6.113082513481248981e+01
4.296153011062324367e+01 5.742989416903694888e+01 6.110285562409129767e+01
4.357364247077267549e+01 5.735756178659015347e+01 6.129551007220096182e+01
4.407904473226420805e+01 5.730114004406294015e+01 6.144962316956035409e+01
4.449392804671030177e+01 5.725391861641821833e+01 6.157749285946732698e+01
4.483064520926448893e+01 5.721087799757263070e+01 6.168835148551875847e+01
4.115790969683217781e+01 5.773721533820722129e+01 6.804478624650435847e+01
4.142340590658581334e+01 5.764221537855819832e+01 6.824224059826818234e+01
4.168886645961559623e+01 5.754722491606121082e+01 6.843955421889027946e+01
4.195427141868112386e+01 5.745225085570426415e+01 6.863670426287421833e+01
4.221960521080495710e+01 5.735729849827576743e+01 6.883366963953969275e+01
4.246658136773709202e+01 5.722663609812612862e+01 6.902785462174398390e+01
4.271185400883933170e+01 5.709689545577296599e+01 6.922096714990989597e+01
4.295535663132134374e+01 5.696807667652482365e+01 6.941295566767983871e+01
4.365566412936766483e+01 5.663428305364199389e+01 6.927898946392868140e+01
4.108720895502585080e+01 5.776592852082620055e+01 6.811179138904958563e+01
4.125666694291315650e+01 5.770978168415476972e+01 6.839500469112226710e+01
4.139960259590034752e+01 5.766413631989177446e+01 6.869390432555627513e+01
4.151525957610896711e+01 5.762919167665942410e+01 6.900542805667620883e+01
4.161120857735064504e+01 5.760192188754175646e+01 6.932410854372977838e+01
4.168282596176473476e+01 5.757507129137407276e+01 6.964783317340983615e+01
4.172383373912679616e+01 5.753758686820128787e+01 6.997548427034415397e+01
4.201104425201614134e+01 5.735718097800303639e+01 6.610186698110985049e+01
4.264468785448102750e+01 5.710871142193905570e+01 6.583562697590157597e+01
4.313474261011911182e+01 5.691654404981080262e+01 6.562962203361247759e+01
4.203243803175133309e+01 5.735232253266192970e+01 6.620495773303758824e+01
4.269847696470021248e+01 5.709578390938081327e+01 6.607221296014165546e+01
4.322594060137674177e+01 5.689460488144187167e+01 6.603008317295160623e+01
4.364601715095056989e+01 5.673647128485674074e+01 6.606278510912980551e+01
4.398725913175201185e+01 5.662854964793005763e+01 6.614588176710201139e+01
4.422264149793613086e+01 5.670268577239024665e+01 6.627270396954469334e+01
4.449193767607741989e+01 5.668416420634951436e+01 6.650467011419132746e+01
4.477499173036375879e+01 5.669752739264829700e+01 6.667910415885205566e+01
4.504539421735229610e+01 5.672429802040719693e+01 6.687342668248037114e+01
4.227823026598218803e+01 5.720456580843335814e+01 6.434089895803936088e+01
4.253711209687722317e+01 5.712583710198845210e+01 6.454376532172037173e+01
3.789610408959362076e+01 5.823086891451763591e+01 5.499290572949800548e+01
3.809094653993952306e+01 5.819320209384767395e+01 5.473217995487043197e+01
3.828610759237520256e+01 5.815546620742039607e+01 5.447219455657490528e+01
3.900039370625514579e+01 5.801455523809564596e+01 5.395748085198520272e+01
3.946335110960552583e+01 5.791586484953795377e+01 5.350532703960380587e+01
3.975687461740970718e+01 5.784092163724742619e+01 5.314098694199784489e+01
3.990463920828337052e+01 5.786752756344137083e+01 5.289885164732096001e+01
4.000547327290045985e+01 5.800188373372064632e+01 5.268187730398042135e+01
4.009757071677845630e+01 5.813505388108051619e+01 5.246473664754048372e+01
3.795534964658498467e+01 5.821842798709233335e+01 5.506780003489767950e+01
3.822572047647202709e+01 5.816486726514334293e+01 5.490782190249949224e+01
3.850975018509533498e+01 5.810837272704205247e+01 5.477535086383912244e+01
3.929963536767689902e+01 5.795110846732671206e+01 5.443087058182664606e+01
3.987647632583880153e+01 5.783597591625452594e+01 5.422377504630731693e+01
4.030303498506088289e+01 5.775050937298465925e+01 5.412200201241281405e+01
4.047855904999384080e+01 5.787508046621928059e+01 5.411389936377168652e+01
4.064740940811518044e+01 5.799210457973678245e+01 5.411049857614067093e+01
4.079943355966995711e+01 5.810100571284599624e+01 5.407105434840009650e+01
3.590043206116965280e+01 5.846948282308411393e+01 5.401758854565646573e+01
3.577909440807171393e+01 5.845441261613240869e+01 5.366597671429850891e+01
3.570739754047854575e+01 5.842788757168340652e+01 5.326215115456709981e+01
3.563035592748266822e+01 5.840267974617222535e+01 5.286488086982834034e+01
3.554877066475375358e+01 5.837864273848436625e+01 5.247375114000158192e+01
3.546298905788811595e+01 5.835570687229341758e+01 5.208851311488748337e+01
3.537315550579506862e+01 5.833383645340668266e+01 5.170898850114202361e+01
3.527678682762862650e+01 5.830712158400770306e+01 5.133271187014135961e+01
3.517548367921652641e+01 5.827609861491101384e+01 5.096476532098277801e+01
3.600997108284552439e+01 5.845489307648082189e+01 5.402128617959827750e+01
3.603273711649416100e+01 5.842059528949619818e+01 5.367415945010618827e+01
3.613265491601196544e+01 5.837204566874507350e+01 5.328782869169418035e+01
3.625433868446582153e+01 5.832134703628228323e+01 5.292009341652510557e+01
3.639637761448609865e+01 5.826970163755150622e+01 5.257401139918402322e+01
3.654950595505196276e+01 5.821833055636687249e+01 5.224844795592255053e+01
3.671465346534967011e+01 5.816728991197224019e+01 5.194548901366123062e+01
3.691453699065942828e+01 5.813494182035229585e+01 5.162049554883663660e+01
3.711279255838327629e+01 5.829311684684064687e+01 5.138615873812920398e+01
3.012356077260242060e+01 5.889925125935651806e+01 5.302980282892885810e+01
3.015033256210938362e+01 5.887001272453436940e+01 5.268594508005316612e+01
3.017080294111813998e+01 5.884089960131011310e+01 5.234358846194707837e+01
3.019153432522470482e+01 5.880994093760570962e+01 5.200149633956238659e+01
3.021229913653504084e+01 5.877045872354874945e+01 5.166032609651051644e+01
3.026503162446254436e+01 5.873073255971268480e+01 5.132296521926387101e+01
3.034993205973606933e+01 5.869112156491868859e+01 5.099258921598714522e+01
3.046676750635849018e+01 5.865200523008295619e+01 5.067247111197978882e+01
3.061283993568184059e+01 5.861103742941115513e+01 5.034160702127692844e+01
3.022096083603172545e+01 5.890173211238418816e+01 5.305855603442458346e+01
3.037434256491588513e+01 5.887610865353428125e+01 5.275666216156044896e+01
3.055526104570417090e+01 5.885184875393371584e+01 5.247068225778009776e+01
3.075964374598577677e+01 5.882124445315152172e+01 5.220585954225942515e+01
3.098394261997496102e+01 5.878809628822278910e+01 5.195786854607617755e+01
3.122422007825675649e+01 5.875632892007894981e+01 5.172491376197386614e+01
3.148016178946776478e+01 5.872617315063747867e+01 5.150895371609861684e+01
3.174435579088694581e+01 5.869266607348925646e+01 5.126524076597223001e+01
3.205033276306576795e+01 5.865980774836184253e+01 5.104833101494306646e+01
2.744871877414416161e+01 5.859087134983818856e+01 4.944451788133752501e+01
2.730145223958339429e+01 5.856420154006649881e+01 4.907842658356866394e+01
2.716200601615358323e+01 5.853868606937317054e+01 4.872739812204469700e+01
2.703013034733103481e+01 5.851427598431388333e+01 4.839074939912470086e+01
2.691819862624181070e+01 5.854337126247823164e+01 4.808213147121551856e+01
2.682382756240370014e+01 5.865281220098022175e+01 4.779148863171799633e+01
2.674044396157157877e+01 5.875727566147787684e+01 4.750818861171764240e+01
2.667087892572765284e+01 5.881776211486983641e+01 4.718274983294625002e+01
2.660357717083904916e+01 5.887034128772894093e+01 4.685508456625257168e+01
2.754849703556445917e+01 5.859096989414370427e+01 4.939217522857225617e+01
2.753437848509557639e+01 5.856538151436132722e+01 4.897211360080205367e+01
2.756032064372836032e+01 5.854202570949775719e+01 4.856769195276579154e+01
2.762452512776836144e+01 5.852092133374248561e+01 4.818019852716356155e+01
2.991310683400241288e+01 5.858828139869167728e+01 4.988848502693618769e+01
3.020200963015252071e+01 5.855833334883341479e+01 4.966320821182622325e+01
3.049080369315348094e+01 5.852864347222733699e+01 4.944088332376353634e+01
3.076043475964245388e+01 5.849796141003019301e+01 4.919891164522028504e+01
3.101931720445157481e+01 5.846969383589249958e+01 4.893195832620425989e+01
3.126202534827685042e+01 5.855289220151995266e+01 4.867601729529177845e+01
3.148696199495081061e+01 5.863232255351672251e+01 4.842952797105851204e+01
3.173118626301646472e+01 5.869604106893237372e+01 4.817975075746080904e+01
3.197046792910360580e+01 5.872032370018976621e+01 4.792871100556831720e+01
2.982485585462656275e+01 5.858622601223103032e+01 4.982719871213727458e+01
2.999511179911714009e+01 5.855424560259547917e+01 4.952801520416272751e+01
3.013620232335367888e+01 5.852202627029691229e+01 4.921369114732274852e+01
3.024602742675755351e+01 5.849028265365765122e+01 4.889163486398836511e+01
3.033154941256217541e+01 5.851103617462199225e+01 4.854963509177165548e+01
3.038703097549733911e+01 5.859754949365529342e+01 4.822135066689247651e+01
3.040894143610669431e+01 5.867848238693675711e+01 4.790477544826074308e+01
3.039704053276917506e+01 5.875368794855076970e+01 4.760042078969612334e+01
3.038569431837785473e+01 5.895314733632243787e+01 4.679959568359437583e+01
2.359683980949710858e+01 5.855594537331406713e+01 5.133568649851508781e+01
2.338953301048144695e+01 5.855674249923396957e+01 5.105184628789695722e+01
2.319790764939579120e+01 5.866329767937617135e+01 5.079018839525447504e+01
2.304879701616542675e+01 5.885862918537279143e+01 5.063349446184034264e+01
2.291200126346970833e+01 5.899879013473536560e+01 5.053533381631232402e+01
2.278259504921450329e+01 5.909995534143468632e+01 5.047917564653642586e+01
2.265686644777354175e+01 5.917339831368423120e+01 5.045363200404682402e+01
2.253195446163346816e+01 5.922704371343565555e+01 5.045081836353918447e+01
2.240560256086705238e+01 5.926650099845781483e+01 5.046526451705219074e+01
2.351893344653279527e+01 5.855703638863470673e+01 5.141090554656727107e+01
2.321440494527690035e+01 5.855924224548954982e+01 5.123178525265988981e+01
2.290123978405543070e+01 5.856170036634197373e+01 5.109118158972307810e+01
2.259314489096368206e+01 5.872624465784974035e+01 5.100637903819827557e+01
2.229237247778905839e+01 5.885587363073013734e+01 5.099906975604035608e+01
2.199444143887144065e+01 5.893797783875974261e+01 5.104590257546297494e+01
2.157691113429746466e+01 5.890632056825464247e+01 5.128288793003331847e+01
2.118270369412111975e+01 5.888341474259266306e+01 5.149848007514371062e+01
2.081014754745064366e+01 5.886977909368051343e+01 5.169287394234464728e+01
2.292630218153502852e+01 5.857251262098601785e+01 5.363244704315437872e+01
2.260380189633460191e+01 5.857571288409505428e+01 5.364136718836368800e+01
2.227558743318188661e+01 5.856994148245967580e+01 5.367086264472288093e+01
2.194932936421124126e+01 5.855384285356434759e+01 5.370281685636289382e+01
2.104486564303349283e+01 5.854248545765218381e+01 5.346338679870385846e+01
2.038955431954578756e+01 5.852652237017110792e+01 5.336616231001636379e+01
2.009913225073439946e+01 5.855951977022554900e+01 5.331044702067384833e+01
1.986676912449206611e+01 5.869296029760542410e+01 5.331256159763331937e+01
1.963626718538024463e+01 5.882692496117488901e+01 5.332870823770200275e+01
2.296305428258927606e+01 5.857255504607521601e+01 5.372499379074293557e+01
2.268099769744155836e+01 5.856559769610323940e+01 5.387119486007263447e+01
2.241489913537348855e+01 5.853751037640282107e+01 5.404471425941876106e+01
2.216504277343101847e+01 5.850754815352787830e+01 5.424302801958801723e+01
2.193120498843718735e+01 5.847619574843656665e+01 5.446127056708247238e+01
2.171153631567188569e+01 5.844390506589634526e+01 5.469426818620033259e+01
2.148714399532292063e+01 5.841192720576393071e+01 5.492234658740810005e+01
2.069831284314775033e+01 5.845332973428939738e+01 5.540316560749918295e+01
2.052667791014888721e+01 5.854051646626237471e+01 5.530437138244516859e+01
2.039401101882439349e+01 5.860309153046204500e+01 5.518552656092757758e+01
2.011840139308941389e+01 5.871076234171576402e+01 5.474172927820498558e+01
1.984257977595832401e+01 5.882450655267641793e+01 5.435042380043361021e+01
1.956462850788750529e+01 5.894957063199375114e+01 5.404818565913424777e+01
2.070675353616346825e+01 5.843706213349840084e+01 5.530236881240540470e+01
2.054339485865461867e+01 5.850612226594071075e+01 5.508555125577104405e+01
2.032744078018877687e+01 5.856916950433857494e+01 5.454979978353982517e+01
2.013614070331802353e+01 5.862534269972311307e+01 5.407806560383213679e+01
2.074472179487627344e+01 5.819329038900279016e+01 5.762746136356982873e+01
2.049122248580853878e+01 5.810697830668527075e+01 5.783712478586144101e+01
2.022382015465241167e+01 5.804824660870475128e+01 5.801945833001950348e+01
1.994750520307260899e+01 5.800662020787932960e+01 5.818496314444239204e+01
1.966525128581940507e+01 5.797567625022509930e+01 5.834011410515126528e+01
1.937885960152826570e+01 5.795144267017375483e+01 5.848893124369934071e+01
1.916316680558831109e+01 5.776568543546628121e+01 5.880228695765491409e+01
1.893631442146636346e+01 5.760818418679760100e+01 5.908635436454026291e+01
2.068780217056781368e+01 5.823065355703108992e+01 5.760635533985458778e+01
2.037897578299554269e+01 5.817881316713739892e+01 5.779772153663311229e+01
2.006058792643058553e+01 5.815096634673079734e+01 5.796425322200390440e+01
1.973952799921432799e+01 5.813651939224006071e+01 5.811580038461382713e+01
1.941999590873490789e+01 5.812928579686789021e+01 5.825804139016151595e+01
1.910684300371239175e+01 5.813156057449995018e+01 5.838619091170216535e+01
1.881533883554810771e+01 5.806472068828242072e+01 5.858834069223703267e+01
1.852251148583402696e+01 5.802032830509132566e+01 5.876407051039188190e+01
1.823112153158547599e+01 5.799519340914786625e+01 5.891605971011315290e+01
4.108036419601726408e+01 5.821146448505265880e+01 5.493154330230650118e+01
4.113685595798683892e+01 5.824547323827842860e+01 5.498328945553279823e+01
4.117313625618624684e+01 5.830351485901454822e+01 5.464433128273189055e+01
4.413061971085581092e+01 5.640041623706097340e+01 6.932811363445414088e+01
4.448949909181843054e+01 5.621885595635993838e+01 6.945592188833751379e+01
4.477440500149717195e+01 5.607071873048590049e+01 6.963221060413997066e+01
4.504068651166642923e+01 5.596630445041948576e+01 6.983511216196032478e+01
4.529696753109583085e+01 5.593485103119994051e+01 7.000016811795133265e+01
4.555710531734437296e+01 5.590526961992208044e+01 6.999552187999955777e+01
4.581521841123213790e+01 5.593802855866726986e+01 6.998992131549536566e+01
4.607894086506442477e+01 5.598142996604929778e+01 6.998404067308057108e+01
4.634923795862891893e+01 5.602736152615032239e+01 6.997799033130398527e+01
4.415382490658238623e+01 5.639267782096884218e+01 6.926154335496049441e+01
4.451793662299689203e+01 5.621232997391254571e+01 6.931903228251550786e+01
4.479398026706797964e+01 5.607281764816297454e+01 6.941471023593240375e+01
4.510631841473851722e+01 5.606563945777659086e+01 6.951889996311456343e+01
4.540988415179477755e+01 5.612864831177849823e+01 6.960806462406320350e+01
4.564886059889430214e+01 5.626904655524094778e+01 6.962656477669807487e+01
4.584569637773347495e+01 5.639628228342863281e+01 6.957189632903546794e+01
4.602813237328492590e+01 5.650140547440314265e+01 6.946496734094836256e+01
4.620544304351060561e+01 5.659568097951384402e+01 6.932635625942243962e+01
4.533647898521343222e+01 5.676275088932820978e+01 6.704490104506015768e+01
4.562270951265416841e+01 5.679835000373964249e+01 6.722217586986285198e+01
4.647996722930818692e+01 5.702463934839797588e+01 6.728470585182009245e+01
4.527063088143043501e+01 5.672741469637136902e+01 6.711037377599234333e+01
4.547067051873508348e+01 5.671772893622336653e+01 6.736955963089296517e+01
4.564466242925971073e+01 5.669582893414833791e+01 6.764774096849961893e+01
4.645503293008521695e+01 5.688439215842137742e+01 6.780607183390284831e+01
4.698910671007008943e+01 5.697933796005135321e+01 6.802520796261839564e+01
4.720580840563594904e+01 5.702778013316209638e+01 6.810586588508650152e+01
4.734308559415524797e+01 5.715216844114650030e+01 6.822438421609616910e+01
4.749298953926415834e+01 5.728609801953756175e+01 6.834545582758150317e+01
4.765447332704638228e+01 5.742891597472429055e+01 6.846947622139347800e+01
4.022769845904723240e+01 5.827583413250882671e+01 5.224388035376258443e+01
4.014449122398763592e+01 5.827378991678312303e+01 5.222551410653827020e+01
4.016968087515991215e+01 5.840380802028425933e+01 5.199634099638574014e+01
4.020244416640717589e+01 5.852976593539459316e+01 5.177654241301894444e+01
4.024725102231032992e+01 5.865237977335940656e+01 5.156600516495264230e+01
4.030534751705437202e+01 5.877203359263556592e+01 5.136436313918935070e+01
4.095449918786410848e+01 5.821922176352387623e+01 5.395745108458233119e+01
4.110787154655667308e+01 5.833813757040592662e+01 5.382462178927649177e+01
4.125851924502066481e+01 5.845696473120358405e+01 5.367334376555509579e+01
3.502847666677457283e+01 5.828095354538975670e+01 5.064963799408921119e+01
3.488167035793389203e+01 5.830827282988791183e+01 5.033578151967729042e+01
3.473532818532294186e+01 5.833557864293220518e+01 5.002195161020800640e+01
3.458946076777671408e+01 5.836286865240425925e+01 4.970817568427811040e+01
3.444408035289927739e+01 5.839014102760937419e+01 4.939447398507219589e+01
3.429619765965074407e+01 5.841751410062145311e+01 4.908025722642107525e+01
3.414814635348055560e+01 5.844485592486407199e+01 4.876650960165935800e+01
3.402378295654575879e+01 5.847233211095049654e+01 4.844323003132372918e+01
3.392786358545889414e+01 5.849977800611246437e+01 4.811104320387283906e+01
3.512592316795596759e+01 5.828139044205634889e+01 5.061196029743768321e+01
3.511029965074124704e+01 5.830855280218082015e+01 5.025725204771408983e+01
3.512833264864494964e+01 5.833488499976822084e+01 4.990252665421839140e+01
3.517906147844350073e+01 5.836018632216419633e+01 4.955075735852384611e+01
3.526118699224597464e+01 5.838428369953156505e+01 4.920466198152230675e+01
3.563467241457315282e+01 5.844437826590556995e+01 4.828636028073039199e+01
3.727342677040153518e+01 5.841814750497719899e+01 5.120196579415467397e+01
3.742590889430832135e+01 5.851846026662504840e+01 5.106044896718789516e+01
3.757303077259179247e+01 5.859845045997527535e+01 5.095437569459780036e+01
3.771724537316868719e+01 5.866170700062537691e+01 5.087788636273768361e+01
3.786071516762807221e+01 5.871115702904722866e+01 5.082624476580215145e+01
3.800534503690147403e+01 5.874918376190664304e+01 5.079563305056579026e+01
3.815280357339421613e+01 5.877772341846124249e+01 5.078298154104162165e+01
3.830453584720014959e+01 5.879834570836829499e+01 5.078582611857767404e+01
3.846177067529810500e+01 5.881232127725670011e+01 5.080218780253329669e+01
3.734845724401634470e+01 5.840622899350250918e+01 5.124349148986468094e+01
3.759456833456274438e+01 5.848848305742732379e+01 5.115957289240170525e+01
3.785117567741188083e+01 5.854522446065838182e+01 5.112471945231943948e+01
3.811785753598828563e+01 5.857933301751788235e+01 5.113359523584936284e+01
3.839284220813576809e+01 5.859441175755676312e+01 5.117919424054319677e+01
3.881403023613958680e+01 5.858875352388843538e+01 5.130119767505170358e+01
3.922130833010093909e+01 5.857935292641963798e+01 5.142629960071590034e+01
3.082536070314491639e+01 5.857517358079412872e+01 5.006769508903837362e+01
3.238197480001095130e+01 5.860368726667886108e+01 5.090811518793179857e+01
3.270917442862612745e+01 5.854870038650918218e+01 5.077303422491490181e+01
3.303206327265904463e+01 5.849484775050693486e+01 5.064322791445691507e+01
3.335078524126139143e+01 5.844212570966514164e+01 5.051881197984356930e+01
3.366549235675407203e+01 5.839052699831362503e+01 5.039987957845281130e+01
3.399093358603975901e+01 5.833617300285069973e+01 5.026840188281456534e+01
3.235896795732156761e+01 5.859439886998701041e+01 5.080542362165830639e+01
3.264288423956594443e+01 5.853011547066999753e+01 5.054689185300182430e+01
3.290021933748518990e+01 5.846742075221791879e+01 5.027478585390804966e+01
3.312948095418699523e+01 5.840674804098266293e+01 4.999127849781245203e+01
3.333518551140208075e+01 5.839500168992806550e+01 4.969297876596495200e+01
3.351678212305466786e+01 5.841411476690935700e+01 4.938035800038701240e+01
2.645685189889277211e+01 5.902258682957729974e+01 4.573778630868494588e+01
2.632189795478206662e+01 5.911151049979598326e+01 4.525758688047648803e+01
2.621952449142053965e+01 5.921088826916025027e+01 4.509590357046329245e+01
2.616780005084102712e+01 5.936975697788918183e+01 4.510870369842702843e+01
2.612024632840882532e+01 5.948811468054584140e+01 4.512087986429587971e+01
2.607548593924456881e+01 5.957856926245655416e+01 4.513264949145087712e+01
2.603242600925352335e+01 5.964964364935984520e+01 4.514420690969460281e+01
2.599017129393855896e+01 5.970708276475969711e+01 4.515572953018816804e+01
2.594796286562331389e+01 5.975473983292936708e+01 4.516738273400195425e+01
2.654210508658128020e+01 5.899702520089236657e+01 4.571321105921719408e+01
2.645127607273261461e+01 5.910639181633085570e+01 4.526643567402941670e+01
2.647028509719340406e+01 5.918814567878199284e+01 4.508346778199656768e+01
2.652365244690525969e+01 5.935161513920427723e+01 4.504798831423984495e+01
2.658591673413798873e+01 5.949824776427097106e+01 4.501690327428913463e+01
2.665825287524617693e+01 5.962460908484010247e+01 4.499107615463123011e+01
2.673679655741179673e+01 5.973468433851317627e+01 4.496937638213192656e+01
2.682230203836589766e+01 5.982602833741556481e+01 4.495241449621261864e+01
2.691264602446064202e+01 5.990028927234696710e+01 4.493969591848949108e+01
3.223491887143063650e+01 5.873310368845094587e+01 4.772434148631684536e+01
3.250265696728772724e+01 5.874461934023633347e+01 4.752483027759630829e+01
3.277357168266691190e+01 5.875491032631700961e+01 4.733002879783651906e+01
3.304755500110600508e+01 5.876401584993276117e+01 4.713978958289610688e+01
3.353287786268993642e+01 5.882299805736763432e+01 4.658003069530124662e+01
3.216486414328706900e+01 5.875485447554347473e+01 4.764780616571567151e+01
3.233178088655392202e+01 5.879381270287808547e+01 4.735821729100455713e+01
3.247055516593163560e+01 5.883662488631257759e+01 4.706327157176157527e+01
3.264250584491556850e+01 5.893989085978632403e+01 4.643674533807232052e+01
3.273067816282411258e+01 5.901334093225454325e+01 4.600891750929347523e+01
3.273611312775165061e+01 5.916910412229929506e+01 4.580588896699387647e+01
3.268624470136660420e+01 5.938621248678945364e+01 4.572377556624207529e+01
3.260115696243971684e+01 5.956241673888614940e+01 4.564659413992099246e+01
3.248602117348096385e+01 5.970708739145290878e+01 4.557253055363543837e+01
3.039766714117675050e+01 5.910394400709019180e+01 4.620063670186500104e+01
3.040508228775824406e+01 5.921752290965419974e+01 4.574899951379855167e+01
3.041080499938620818e+01 5.930428368864195221e+01 4.541045485153087213e+01
3.040483144708774432e+01 5.943807510922863457e+01 4.522735150683314487e+01
3.038980102033363195e+01 5.963017826447887160e+01 4.518165949179780227e+01
3.037852817991135979e+01 5.977570880058630820e+01 4.514705068759444373e+01
3.036998381254324642e+01 5.988789767912562922e+01 4.512037840423783308e+01
3.036346697163807562e+01 5.997574602096617724e+01 4.509950188244612690e+01
3.035849611436998075e+01 6.004543196162759955e+01 4.508295173848591730e+01
3.029621403325430151e+01 5.909612950032335732e+01 4.619985030510235191e+01
3.017069733879668547e+01 5.919723036893746837e+01 4.575613146562326961e+01
3.001406987720805830e+01 5.927368011416952243e+01 4.543527554156018766e+01
2.982409197758443042e+01 5.933159902433339994e+01 4.522238552523854338e+01
2.959884905288265955e+01 5.946560593260130645e+01 4.517946839028989814e+01
2.935745032728263126e+01 5.954433521466651058e+01 4.514864594496549444e+01
2.910110017267886207e+01 5.958325321967218713e+01 4.512636365429844432e+01
2.883140224099008719e+01 5.959467361200707103e+01 4.510982470153902568e+01
2.854970266132247758e+01 5.958470910562088108e+01 4.509766898383042388e+01
2.045334491958071865e+01 5.889518808359429869e+01 5.183412179330586866e+01
2.011006434230138495e+01 5.893229062201776713e+01 5.195523538589822010e+01
2.049151525564793630e+01 5.883042267718924734e+01 5.189147493502589725e+01
2.020997539619456163e+01 5.878791743944452008e+01 5.207598463816050582e+01
1.996630178049938564e+01 5.874070486060440999e+01 5.224785253007598840e+01
1.982699778859404560e+01 5.872271322024481321e+01 5.242486658447017334e+01
1.937474023159100867e+01 5.897658201851120197e+01 5.332640026664309829e+01
1.910445257226542992e+01 5.912993495499169683e+01 5.331239655390808707e+01
1.794976018240840787e+01 5.794706876783179439e+01 5.909148198260597695e+01
1.766386360982221859e+01 5.789747830686475538e+01 5.927056109447061516e+01
1.737421604459678903e+01 5.784723469874692370e+01 5.945199276506092900e+01
1.708146727169708612e+01 5.779705152977152238e+01 5.963464796792344202e+01
1.696507042089795902e+01 5.778761080022567853e+01 5.978833622646519075e+01
1.686759241169215784e+01 5.777149476944507711e+01 5.996177538265574469e+01
1.668015218149893997e+01 5.767513817675368415e+01 6.024700674159886660e+01
1.646265903526479235e+01 5.755265673825937967e+01 6.049526374728637990e+01
1.797097468583530500e+01 5.799978120219945765e+01 5.901927591359689984e+01
1.772516171329064250e+01 5.801904631952572799e+01 5.909886492717213713e+01
1.749715737013855943e+01 5.804936258665458126e+01 5.915773169176048896e+01
1.727499717106463351e+01 5.807891645722380503e+01 5.921507198235598679e+01
1.706616847133821935e+01 5.811193696121289065e+01 5.926267482794957431e+01
4.664810466981491288e+01 5.608425924473073110e+01 6.997120302679569193e+01
4.695545247991925208e+01 5.613805180993507093e+01 6.996429838296727155e+01
4.726947627026624588e+01 5.619181950677175763e+01 6.995726279169298323e+01
4.806478921320562137e+01 5.609549366605413923e+01 6.994315184784531425e+01
4.840033904359841443e+01 5.606845298165252700e+01 6.993698142662066175e+01
4.659385464739846583e+01 5.606618240491007299e+01 6.997255862507154234e+01
4.682060016869372987e+01 5.609488490438944552e+01 6.996763987919649708e+01
4.702582818062007419e+01 5.611943428593846761e+01 6.996321070239937967e+01
4.724178506362908081e+01 5.615598026963782274e+01 6.995837913104013239e+01
4.746974934148493475e+01 5.595084100824950468e+01 6.995716555314255913e+01
4.769827879398728498e+01 5.573923371214709022e+01 6.995604400365566278e+01
4.790274775687948505e+01 5.550428616578659557e+01 6.995576803719836789e+01
4.808816973841471309e+01 5.525091874374044210e+01 6.995616055069778838e+01
4.826088743427705907e+01 5.498501805649539165e+01 6.995700288163037328e+01
4.638444757316366207e+01 5.669116296830746649e+01 6.918776491770694292e+01
4.685816822024475670e+01 5.691687778355684202e+01 6.870249263118432737e+01
4.637910500629961064e+01 5.667809299199554118e+01 6.914699590649286165e+01
4.780186024974187120e+01 5.757012669430868357e+01 6.863038738842513453e+01
4.781538680690520238e+01 5.765895063260455800e+01 6.897848577416053217e+01
4.792336854657155953e+01 5.779790707884692580e+01 6.925235357223225208e+01
4.806090536899323951e+01 5.795372184950830530e+01 6.950814335106393571e+01
4.832335529836996102e+01 5.796002808226090508e+01 6.990833048846212705e+01
4.785383413601796576e+01 5.759702323384065181e+01 6.858651549423987603e+01
3.410953043726155443e+01 5.860717148363080753e+01 4.740126392997462546e+01
3.420356356479532423e+01 5.870751575756553109e+01 4.683056640938848858e+01
3.424488907511996416e+01 5.879301312413330294e+01 4.636454338392262287e+01
3.419842933205870139e+01 5.860128027968816866e+01 4.738552258570025089e+01
3.438856841027987343e+01 5.869081050441392478e+01 4.682091671674938738e+01
3.452643888420507778e+01 5.876205243404905332e+01 4.637864684466782705e+01
3.454775981205262525e+01 5.884243518925131156e+01 4.633964829548940401e+01
3.459932125246465517e+01 5.891065027182665403e+01 4.632972893185497298e+01
3.468246625883830347e+01 5.896170259514914846e+01 4.633282998659421992e+01
3.479487539036725252e+01 5.900129753113646558e+01 4.634655528212925901e+01
3.493464436848189081e+01 5.903245715723540599e+01 4.636947598053999542e+01
3.509991612703626629e+01 5.905701058076632393e+01 4.640056086767745569e+01
3.984212580133781501e+01 5.931632293374990184e+01 5.025411922405244525e+01
3.978292157485650904e+01 5.933826552321518477e+01 5.019860825328806442e+01
4.038598841602281198e+01 5.963738739973403824e+01 4.981598522741021640e+01
4.049109728810617526e+01 5.983641469982688221e+01 4.955113468106471686e+01
4.057186231120703468e+01 6.002978141770928033e+01 4.933076428713469141e+01
4.064900453151265936e+01 6.020716340466804439e+01 4.913527881628136385e+01
4.061502744505892792e+01 6.035738524384620973e+01 4.905593709977802774e+01
4.053596130460221758e+01 6.046580803212604138e+01 4.902311160479533925e+01
4.043973837742696276e+01 6.055204538532112224e+01 4.892881790489693827e+01
4.035024487439969221e+01 6.061543407068838718e+01 4.881328951269485117e+01
2.592199850226918656e+01 5.979997554038121166e+01 4.517431659427935386e+01
2.588309048925988520e+01 5.984228707117890877e+01 4.518508245200808204e+01
2.582893943471862030e+01 5.987886929618806420e+01 4.520039472530903879e+01
2.575759093285272883e+01 5.990765816957095069e+01 4.522085592732251769e+01
2.566754454999472657e+01 5.992729995113367636e+01 4.524692521691448377e+01
2.555788231957881962e+01 5.993709463368431045e+01 4.527888161873118378e+01
2.542829947698986714e+01 5.993691215464617983e+01 4.531681626095591753e+01
2.527904622806471835e+01 5.992707983841800257e+01 4.536065107951127118e+01
2.511082207824981083e+01 5.990825974988805314e+01 4.541017155752894752e+01
2.588328387699259636e+01 5.980538162897087773e+01 4.518556962248094777e+01
2.580662839787603247e+01 5.982554379339414652e+01 4.520771141126869708e+01
2.571536198045047783e+01 5.981695407685121069e+01 4.523455380798889536e+01
2.560885980012481156e+01 5.978586470045078016e+01 4.526618759079300958e+01
2.549092793639121624e+01 5.973716565189597105e+01 4.530142657942410267e+01
2.537606865887352114e+01 5.967613281001200676e+01 4.533594788068954529e+01
2.525851223413619095e+01 5.960394916631481266e+01 4.537142300093990599e+01
2.514048372063970405e+01 5.952327749786270061e+01 4.540716137867070046e+01
2.701987633933893207e+01 5.992702502356342364e+01 4.493895840082325321e+01
2.713397619756534240e+01 5.993527946531717276e+01 4.494289558149826291e+01
2.725520019876446653e+01 5.992410829571279152e+01 4.495174135696919393e+01
2.738379220954240267e+01 5.989297906543103522e+01 4.496563276907308193e+01
2.751993883028431753e+01 5.984176707904281756e+01 4.498460857056320350e+01
2.766373940061514247e+01 5.977072686548486757e+01 4.500861435371863450e+01
2.781519289678939799e+01 5.968044990529556060e+01 4.503751176113461696e+01
2.697576562183846605e+01 5.997282175281149819e+01 4.492598155559154804e+01
2.700214494420055544e+01 6.005073749128475669e+01 4.490911915866641380e+01
2.700518790371343059e+01 6.013235844253035367e+01 4.489019036461001377e+01
2.698788211221980404e+01 6.021623336765669166e+01 4.486968814432888308e+01
2.695050909034087994e+01 6.030194876192533115e+01 4.484772366334050986e+01
2.689270762696813222e+01 6.038949091092468535e+01 4.482428155407804127e+01
3.237851342314574055e+01 5.982639538616206920e+01 4.550848522428283616e+01
3.224874235671556733e+01 5.992564962921628791e+01 4.544567759865033452e+01
3.209743192047296390e+01 6.000767193128471177e+01 4.538336453468440368e+01
3.192552381515363891e+01 6.007494386830545352e+01 4.532096454811819086e+01
3.173415030002184523e+01 6.012967606528413711e+01 4.525802894346389138e+01
3.152459737990600530e+01 6.017384984365635603e+01 4.519421962637714074e+01
3.135200940968198680e+01 6.016539807719855304e+01 4.516178900919919670e+01
3.120733086579054927e+01 6.018013099051270132e+01 4.514142558057638865e+01
3.109407355691973507e+01 6.020124852098583546e+01 4.512337944155846969e+01
3.233007335947733196e+01 5.978528037657387983e+01 4.551036262193611037e+01
3.214865003935908305e+01 5.983525400624159118e+01 4.545131894520785210e+01
3.194549653961207625e+01 5.986214109124877325e+01 4.539462140144851077e+01
3.172436830561675691e+01 5.987026247385568922e+01 4.533975730216577205e+01
3.150095773646691200e+01 5.986364704874066689e+01 4.528912818778481864e+01
3.127713976903620363e+01 5.984362030493669948e+01 4.524274753854255238e+01
3.038489830268039782e+01 6.009859763300436697e+01 4.507187777816085372e+01
3.042606494806634387e+01 6.014303181692742584e+01 4.506360471024590453e+01
3.032222402027169750e+01 6.010978634283383570e+01 4.506603867472940550e+01
3.025517274669744694e+01 6.015084278511940852e+01 4.505299058076789720e+01
3.016206293788224713e+01 6.017480050605210096e+01 4.504260065280358560e+01
3.004412774316956458e+01 6.018410533536791007e+01 4.503436039878788222e+01
2.990465594810567396e+01 6.018175947907289469e+01 4.502773693624577334e+01
2.974325824322275835e+01 6.016800238538267109e+01 4.502265425619013683e+01
4.838034408477258097e+01 5.467036487628691077e+01 6.995967054759088910e+01
4.850078224793128356e+01 5.435311633902553297e+01 6.996236029210565732e+01
4.847248375672895548e+01 5.471391772454546754e+01 6.995716323016054616e+01
4.871052915027858177e+01 5.446455679239297609e+01 6.995645653167579781e+01
3.526146168755051491e+01 5.908046646003971603e+01 4.643112114027074000e+01
3.544705278929908587e+01 5.909554319722461457e+01 4.647007574145357722e+01
3.565432790781286343e+01 5.910470918689933484e+01 4.651606719611656615e+01
3.592797433963739451e+01 5.911247589720469620e+01 4.657111082163709881e+01
3.621673306895530686e+01 5.911326149385202910e+01 4.660412920108691992e+01
3.529478733410928015e+01 5.904606628197795004e+01 4.645013725011545347e+01
3.550583637026633710e+01 5.902987257045830205e+01 4.650523561470699008e+01
3.573036017524786701e+01 5.900946481949490874e+01 4.656488204954472110e+01
3.600204629008739943e+01 5.898480160200490729e+01 4.662151023865039434e+01
4.023156205285483367e+01 6.066783083277694999e+01 4.859434361231147648e+01
4.011364153198480409e+01 6.072735044536145210e+01 4.835623655317741765e+01
3.998827911924697531e+01 6.079576701853071796e+01 4.810702121500546014e+01
3.985659868578121490e+01 6.087114915680839289e+01 4.784792712911341539e+01
4.024207838774201207e+01 6.068462366673882258e+01 4.863242477834364763e+01
4.014970704637995169e+01 6.076327224448078113e+01 4.847031792040014864e+01
4.006665723674704083e+01 6.084426885891128478e+01 4.833240941966153059e+01
3.997968489359988098e+01 6.092169401146902885e+01 4.818234896708635517e+01
3.989691901910020277e+01 6.099950628189292701e+01 4.804269576672680131e+01
3.981365061491283086e+01 6.107265897417101996e+01 4.789828274095955862e+01
3.973234208477071405e+01 6.114288890362044526e+01 4.775635329169523402e+01
3.964733850606173604e+01 6.120832540076477102e+01 4.760188730723123740e+01
3.948278356526856925e+01 6.132878776525983966e+01 4.729812672780153093e+01
3.930579137350205343e+01 6.149442216332104039e+01 4.699889992878424039e+01
3.913351824656155742e+01 6.168685093560308985e+01 4.673144158386366342e+01
3.896460389198758634e+01 6.189979419743929867e+01 4.648769476312305926e+01
3.879812678606513288e+01 6.212872006779540612e+01 4.626198973453804797e+01
3.863344697443928055e+01 6.237031256765320109e+01 4.605026046866671408e+01
3.842271291957129620e+01 6.256044212213170397e+01 4.594823218356097527e+01
3.820474935642893399e+01 6.272073592779508289e+01 4.581988691540865233e+01
3.798066552973489252e+01 6.285816874291887046e+01 4.566967010673862859e+01
3.932703816693486942e+01 6.150836299968397469e+01 4.706060272370579867e+01
3.918836255007422409e+01 6.171230948003404393e+01 4.688269073986899116e+01
3.906429973325249705e+01 6.192691236577035596e+01 4.674803015448379995e+01
3.893802204333577777e+01 6.214938976300828699e+01 4.661404745829504748e+01
3.881465335846731790e+01 6.237665962120588858e+01 4.649071094175998553e+01
3.869723173272980432e+01 6.260409376323230646e+01 4.638179612748241709e+01
